"run","randomSeed","First_Strat","Min_Dmg","Crit_Dmg","T_Health","Crit_Chance","Max_Dmg","CT_Health"
4,-1474285371,"A_SPLIT",20,80,100,5,33,100
8,-1474256452,"A_SPLIT",20,80,100,10,33,150
12,-1474230919,"A_SPLIT",20,80,100,15,33,200
16,-1474202666,"A_SPLIT",20,80,100,25,33,100
20,-1474169599,"A_RUSH",20,80,100,0,33,150
24,-1474144468,"A_RUSH",20,80,100,5,33,200
28,-1474118729,"A_RUSH",20,80,100,15,33,100
32,-1474093583,"A_RUSH",20,80,100,20,33,150
36,-1474068435,"A_RUSH",20,80,100,25,33,200
40,-1474031586,"B_SPLIT",20,80,100,5,33,100
44,-1474005026,"B_SPLIT",20,80,100,10,33,150
48,-1473977680,"B_SPLIT",20,80,100,15,33,200
52,-1473950322,"B_SPLIT",20,80,100,25,33,100
56,-1473924179,"B_RUSH",20,80,100,0,33,150
60,-1473897836,"B_RUSH",20,80,100,5,33,200
64,-1473870889,"B_RUSH",20,80,100,15,33,100
68,-1473845149,"B_RUSH",20,80,100,20,33,150
72,-1473818605,"B_RUSH",20,80,100,25,33,200
76,-1473792444,"A_SPLIT",20,80,100,5,33,100
80,-1473767115,"A_SPLIT",20,80,100,10,33,150
84,-1473748812,"A_SPLIT",20,80,100,15,33,200
88,-1473722876,"A_SPLIT",20,80,100,25,33,100
92,-1473698335,"A_RUSH",20,80,100,0,33,150
96,-1473663933,"A_RUSH",20,80,100,5,33,200
100,-1473638196,"A_RUSH",20,80,100,15,33,100
104,-1473613661,"A_RUSH",20,80,100,20,33,150
108,-1473588331,"A_RUSH",20,80,100,25,33,200
112,-1473562031,"B_SPLIT",20,80,100,5,33,100
116,-1473535288,"B_SPLIT",20,80,100,10,33,150
120,-1473506934,"B_SPLIT",20,80,100,15,33,200
124,-1473479394,"B_SPLIT",20,80,100,25,33,100
128,-1473453026,"B_RUSH",20,80,100,0,33,150
132,-1473426691,"B_RUSH",20,80,100,5,33,200
136,-1473400749,"B_RUSH",20,80,100,15,33,100
140,-1473375208,"B_RUSH",20,80,100,20,33,150
144,-1473348867,"B_RUSH",20,80,100,25,33,200
148,-1473318126,"A_SPLIT",20,80,100,5,33,100
152,-1473283965,"A_SPLIT",20,80,100,10,33,150
156,-1473269283,"A_SPLIT",20,80,100,15,33,200
160,-1473251583,"A_SPLIT",20,80,100,25,33,100
164,-1473225637,"A_RUSH",20,80,100,0,33,150
168,-1473199905,"A_RUSH",20,80,100,5,33,200
172,-1473174570,"A_RUSH",20,80,100,15,33,100
176,-1473139550,"A_RUSH",20,80,100,20,33,150
180,-1473114016,"A_RUSH",20,80,100,25,33,200
184,-1473081526,"B_SPLIT",20,80,100,5,33,100
188,-1473054977,"B_SPLIT",20,80,100,10,33,150
192,-1473027824,"B_SPLIT",20,80,100,15,33,200
196,-1473000486,"B_SPLIT",20,80,100,25,33,100
200,-1472973945,"B_RUSH",20,80,100,0,33,150
204,-1472948005,"B_RUSH",20,80,100,5,33,200
208,-1472912639,"B_RUSH",20,80,100,15,33,100
212,-1472886487,"B_RUSH",20,80,100,20,33,150
216,-1472863155,"B_RUSH",20,80,100,25,33,200
220,-1472836217,"A_SPLIT",20,80,100,5,33,100
224,-1472811087,"A_SPLIT",20,80,100,10,33,150
228,-1472792385,"A_SPLIT",20,80,100,15,33,200
232,-1472774087,"A_SPLIT",20,80,100,25,33,100
236,-1472748751,"A_RUSH",20,80,100,0,33,150
240,-1472723424,"A_RUSH",20,80,100,5,33,200
244,-1472697691,"A_RUSH",20,80,100,15,33,100
248,-1472672959,"A_RUSH",20,80,100,20,33,150
252,-1472648022,"A_RUSH",20,80,100,25,33,200
256,-1472612718,"B_SPLIT",20,80,100,5,33,100
260,-1472585982,"B_SPLIT",20,80,100,10,33,150
264,-1472549752,"B_SPLIT",20,80,100,15,33,200
268,-1472517921,"B_SPLIT",20,80,100,25,33,100
272,-1472484362,"B_RUSH",20,80,100,0,33,150
276,-1472457619,"B_RUSH",20,80,100,5,33,200
280,-1472430881,"B_RUSH",20,80,100,15,33,100
284,-1472400029,"B_RUSH",20,80,100,20,33,150
288,-1472373888,"B_RUSH",20,80,100,25,33,200
292,-1472346945,"A_SPLIT",20,80,100,5,33,100
296,-1472321605,"A_SPLIT",20,80,100,10,33,150
300,-1472288901,"A_SPLIT",20,80,100,15,33,200
304,-1472273811,"A_SPLIT",20,80,100,25,33,100
308,-1472245663,"A_RUSH",20,80,100,0,33,150
312,-1472220706,"A_RUSH",20,80,100,5,33,200
316,-1472189560,"A_RUSH",20,80,100,15,33,100
320,-1472164422,"A_RUSH",20,80,100,20,33,150
324,-1472139284,"A_RUSH",20,80,100,25,33,200
328,-1472113947,"B_SPLIT",20,80,100,5,33,100
332,-1472086609,"B_SPLIT",20,80,100,10,33,150
336,-1472059466,"B_SPLIT",20,80,100,15,33,200
340,-1472032514,"B_SPLIT",20,80,100,25,33,100
344,-1472005172,"B_RUSH",20,80,100,0,33,150
348,-1471969936,"B_RUSH",20,80,100,5,33,200
352,-1471943199,"B_RUSH",20,80,100,15,33,100
356,-1471905641,"B_RUSH",20,80,100,20,33,150
360,-1471879498,"B_RUSH",20,80,100,25,33,200
364,-1471849159,"A_SPLIT",20,80,100,5,33,100
368,-1471820800,"A_SPLIT",20,80,100,10,33,150
372,-1471788810,"A_SPLIT",20,80,100,15,33,200
376,-1471770503,"A_SPLIT",20,80,100,25,33,100
380,-1471752202,"A_RUSH",20,80,100,0,33,150
384,-1471726644,"A_RUSH",20,80,100,5,33,200
388,-1471701112,"A_RUSH",20,80,100,15,33,100
392,-1471676180,"A_RUSH",20,80,100,20,33,150
396,-1471651639,"A_RUSH",20,80,100,25,33,200
400,-1471626104,"B_SPLIT",20,80,100,5,33,100
404,-1471599554,"B_SPLIT",20,80,100,10,33,150
408,-1471572212,"B_SPLIT",20,80,100,15,33,200
412,-1471544271,"B_SPLIT",20,80,100,25,33,100
416,-1471517935,"B_RUSH",20,80,100,0,33,150
420,-1471490788,"B_RUSH",20,80,100,5,33,200
424,-1471463853,"B_RUSH",20,80,100,15,33,100
428,-1471437515,"B_RUSH",20,80,100,20,33,150
432,-1471411376,"B_RUSH",20,80,100,25,33,200
436,-1470755840,"A_SPLIT",20,80,100,5,33,100
440,-1470733921,"A_SPLIT",20,80,100,10,33,150
444,-1470700362,"A_SPLIT",20,80,100,15,33,200
448,-1470670435,"A_SPLIT",20,80,100,25,33,100
452,-1470631292,"A_RUSH",20,80,100,0,33,150
456,-1470606555,"A_RUSH",20,80,100,5,33,200
460,-1470580814,"A_RUSH",20,80,100,15,33,100
464,-1470556265,"A_RUSH",20,80,100,20,33,150
468,-1470531132,"A_RUSH",20,80,100,25,33,200
472,-1470505793,"B_SPLIT",20,80,100,5,33,100
476,-1470479047,"B_SPLIT",20,80,100,10,33,150
480,-1470451901,"B_SPLIT",20,80,100,15,33,200
484,-1470438420,"B_SPLIT",20,80,100,25,33,100
488,-1470411870,"B_RUSH",20,80,100,0,33,150
492,-1470384515,"B_RUSH",20,80,100,5,33,200
496,-1470357775,"B_RUSH",20,80,100,15,33,100
500,-1470331423,"B_RUSH",20,80,100,20,33,150
504,-1470304888,"B_RUSH",20,80,100,25,33,200
508,-1470278304,"A_SPLIT",20,80,100,5,33,100
512,-1470238693,"A_SPLIT",20,80,100,10,33,150
516,-1470202031,"A_SPLIT",20,80,100,15,33,200
520,-1470163189,"A_SPLIT",20,80,100,25,33,100
524,-1470137845,"A_RUSH",20,80,100,0,33,150
528,-1470112093,"A_RUSH",20,80,100,5,33,200
532,-1470087145,"A_RUSH",20,80,100,15,33,100
536,-1470057003,"A_RUSH",20,80,100,20,33,150
540,-1470032270,"A_RUSH",20,80,100,25,33,200
544,-1470006943,"B_SPLIT",20,80,100,5,33,100
548,-1469980807,"B_SPLIT",20,80,100,10,33,150
552,-1469953445,"B_SPLIT",20,80,100,15,33,200
556,-1469925099,"B_SPLIT",20,80,100,25,33,100
560,-1469898361,"B_RUSH",20,80,100,0,33,150
564,-1469871801,"B_RUSH",20,80,100,5,33,200
568,-1469825020,"B_RUSH",20,80,100,15,33,100
572,-1469799269,"B_RUSH",20,80,100,20,33,150
576,-1469755650,"B_RUSH",20,80,100,25,33,200
580,-1469729511,"A_SPLIT",20,80,100,5,33,100
584,-1469688030,"A_SPLIT",20,80,100,10,33,150
588,-1469669719,"A_SPLIT",20,80,100,15,33,200
592,-1469654422,"A_SPLIT",20,80,100,25,33,100
596,-1469613592,"A_RUSH",20,80,100,0,33,150
600,-1469588254,"A_RUSH",20,80,100,5,33,200
604,-1469563111,"A_RUSH",20,80,100,15,33,100
608,-1469538178,"A_RUSH",20,80,100,20,33,150
612,-1469512982,"A_RUSH",20,80,100,25,33,200
616,-1469482215,"B_SPLIT",20,80,100,5,33,100
620,-1469455277,"B_SPLIT",20,80,100,10,33,150
624,-1469428500,"B_SPLIT",20,80,100,15,33,200
628,-1469396508,"B_SPLIT",20,80,100,25,33,100
632,-1469348395,"B_RUSH",20,80,100,0,33,150
636,-1469322024,"B_RUSH",20,80,100,5,33,200
640,-1469294884,"B_RUSH",20,80,100,15,33,100
644,-1469268130,"B_RUSH",20,80,100,20,33,150
648,-1469222920,"B_RUSH",20,80,100,25,33,200
652,-1469196364,"A_SPLIT",20,80,100,5,33,100
656,-1469153639,"A_SPLIT",20,80,100,10,33,150
660,-1469128102,"A_SPLIT",20,80,100,15,33,200
664,-1469112184,"A_SPLIT",20,80,100,25,33,100
668,-1469093071,"A_RUSH",20,80,100,0,33,150
672,-1469068124,"A_RUSH",20,80,100,5,33,200
676,-1469042779,"A_RUSH",20,80,100,15,33,100
680,-1469009340,"A_RUSH",20,80,100,20,33,150
684,-1468983983,"A_RUSH",20,80,100,25,33,200
688,-1468958989,"B_SPLIT",20,80,100,5,33,100
692,-1468932815,"B_SPLIT",20,80,100,10,33,150
696,-1468899229,"B_SPLIT",20,80,100,15,33,200
700,-1468872284,"B_SPLIT",20,80,100,25,33,100
704,-1468841329,"B_RUSH",20,80,100,0,33,150
708,-1468814987,"B_RUSH",20,80,100,5,33,200
712,-1468788426,"B_RUSH",20,80,100,15,33,100
716,-1468762675,"B_RUSH",20,80,100,20,33,150
720,-1468735730,"B_RUSH",20,80,100,25,33,200
3,-1474285502,"A_SPLIT",20,80,100,0,33,200
7,-1474266704,"A_SPLIT",20,80,100,10,33,100
11,-1474234265,"A_SPLIT",20,80,100,15,33,150
15,-1474204308,"A_SPLIT",20,80,100,20,33,200
19,-1474188605,"A_RUSH",20,80,100,0,33,100
23,-1474163865,"A_RUSH",20,80,100,5,33,150
27,-1474138923,"A_RUSH",20,80,100,10,33,200
31,-1474099995,"A_RUSH",20,80,100,20,33,100
35,-1474075040,"A_RUSH",20,80,100,25,33,150
39,-1474049304,"B_SPLIT",20,80,100,0,33,200
43,-1474021357,"B_SPLIT",20,80,100,10,33,100
47,-1473994602,"B_SPLIT",20,80,100,15,33,150
51,-1473967646,"B_SPLIT",20,80,100,20,33,200
55,-1473935944,"B_RUSH",20,80,100,0,33,100
59,-1473909999,"B_RUSH",20,80,100,5,33,150
63,-1473883839,"B_RUSH",20,80,100,10,33,200
67,-1473857098,"B_RUSH",20,80,100,20,33,100
71,-1473830753,"B_RUSH",20,80,100,25,33,150
75,-1473804207,"A_SPLIT",20,80,100,0,33,200
79,-1473773153,"A_SPLIT",20,80,100,10,33,100
83,-1473742194,"A_SPLIT",20,80,100,15,33,150
87,-1473724093,"A_SPLIT",20,80,100,20,33,200
91,-1473695836,"A_RUSH",20,80,100,0,33,100
95,-1473671104,"A_RUSH",20,80,100,5,33,150
99,-1473645359,"A_RUSH",20,80,100,10,33,200
103,-1473620029,"A_RUSH",20,80,100,20,33,100
107,-1473595490,"A_RUSH",20,80,100,25,33,150
111,-1473570964,"B_SPLIT",20,80,100,0,33,200
115,-1473543010,"B_SPLIT",20,80,100,10,33,100
119,-1473516071,"B_SPLIT",20,80,100,15,33,150
123,-1473489926,"B_SPLIT",20,80,100,20,33,200
127,-1473455040,"B_RUSH",20,80,100,0,33,100
131,-1473428900,"B_RUSH",20,80,100,5,33,150
135,-1473402157,"B_RUSH",20,80,100,10,33,200
139,-1473375415,"B_RUSH",20,80,100,20,33,100
143,-1473349078,"B_RUSH",20,80,100,25,33,150
147,-1473321924,"A_SPLIT",20,80,100,0,33,200
151,-1473303403,"A_SPLIT",20,80,100,10,33,100
155,-1473285506,"A_SPLIT",20,80,100,15,33,150
159,-1473257195,"A_SPLIT",20,80,100,20,33,200
163,-1473241507,"A_RUSH",20,80,100,0,33,100
167,-1473216578,"A_RUSH",20,80,100,5,33,150
171,-1473191646,"A_RUSH",20,80,100,10,33,200
175,-1473166312,"A_RUSH",20,80,100,20,33,100
179,-1473141182,"A_RUSH",20,80,100,25,33,150
183,-1473116393,"B_SPLIT",20,80,100,0,33,200
187,-1473078671,"B_SPLIT",20,80,100,10,33,100
191,-1473051917,"B_SPLIT",20,80,100,15,33,150
195,-1473024164,"B_SPLIT",20,80,100,20,33,200
199,-1472992782,"B_RUSH",20,80,100,0,33,100
203,-1472966242,"B_RUSH",20,80,100,5,33,150
207,-1472939700,"B_RUSH",20,80,100,10,33,200
211,-1472913344,"B_RUSH",20,80,100,20,33,100
215,-1472886997,"B_RUSH",20,80,100,25,33,150
219,-1472861246,"A_SPLIT",20,80,100,0,33,200
223,-1472830112,"A_SPLIT",20,80,100,10,33,100
227,-1472802568,"A_SPLIT",20,80,100,15,33,150
231,-1472772146,"A_SPLIT",20,80,100,20,33,200
235,-1472745801,"A_RUSH",20,80,100,0,33,100
239,-1472720674,"A_RUSH",20,80,100,5,33,150
243,-1472695333,"A_RUSH",20,80,100,10,33,200
247,-1472670203,"A_RUSH",20,80,100,20,33,100
251,-1472644653,"A_RUSH",20,80,100,25,33,150
255,-1472619109,"B_SPLIT",20,80,100,0,33,200
259,-1472591768,"B_SPLIT",20,80,100,10,33,100
263,-1472565223,"B_SPLIT",20,80,100,15,33,150
267,-1472538282,"B_SPLIT",20,80,100,20,33,200
271,-1472500440,"B_RUSH",20,80,100,0,33,100
275,-1472473900,"B_RUSH",20,80,100,5,33,150
279,-1472448157,"B_RUSH",20,80,100,10,33,200
283,-1472422013,"B_RUSH",20,80,100,20,33,100
287,-1472396083,"B_RUSH",20,80,100,25,33,150
291,-1472369327,"A_SPLIT",20,80,100,0,33,200
295,-1472353028,"A_SPLIT",20,80,100,10,33,100
299,-1472328277,"A_SPLIT",20,80,100,15,33,150
303,-1472313199,"A_SPLIT",20,80,100,20,33,200
307,-1472294702,"A_RUSH",20,80,100,0,33,100
311,-1472270168,"A_RUSH",20,80,100,5,33,150
315,-1472244836,"A_RUSH",20,80,100,10,33,200
319,-1472219303,"A_RUSH",20,80,100,20,33,100
323,-1472194767,"A_RUSH",20,80,100,25,33,150
327,-1472169578,"B_SPLIT",20,80,100,0,33,200
331,-1472137485,"B_SPLIT",20,80,100,10,33,100
335,-1472110537,"B_SPLIT",20,80,100,15,33,150
339,-1472083190,"B_SPLIT",20,80,100,20,33,200
343,-1472055847,"B_RUSH",20,80,100,0,33,100
347,-1472029894,"B_RUSH",20,80,100,5,33,150
351,-1472003763,"B_RUSH",20,80,100,10,33,200
355,-1471976797,"B_RUSH",20,80,100,20,33,100
359,-1471950859,"B_RUSH",20,80,100,25,33,150
363,-1471924121,"A_SPLIT",20,80,100,0,33,200
367,-1471906421,"A_SPLIT",20,80,100,10,33,100
371,-1471880451,"A_SPLIT",20,80,100,15,33,150
375,-1471849081,"A_SPLIT",20,80,100,20,33,200
379,-1471831180,"A_RUSH",20,80,100,0,33,100
383,-1471806424,"A_RUSH",20,80,100,5,33,150
387,-1471781292,"A_RUSH",20,80,100,10,33,200
391,-1471755001,"A_RUSH",20,80,100,20,33,100
395,-1471730073,"A_RUSH",20,80,100,25,33,150
399,-1471705119,"B_SPLIT",20,80,100,0,33,200
403,-1471677378,"B_SPLIT",20,80,100,10,33,100
407,-1471644738,"B_SPLIT",20,80,100,15,33,150
411,-1471617395,"B_SPLIT",20,80,100,20,33,200
415,-1471586107,"B_RUSH",20,80,100,0,33,100
419,-1471560177,"B_RUSH",20,80,100,5,33,150
423,-1471534236,"B_RUSH",20,80,100,10,33,200
427,-1471507694,"B_RUSH",20,80,100,20,33,100
431,-1471471338,"B_RUSH",20,80,100,25,33,150
435,-1471444200,"A_SPLIT",20,80,100,0,33,200
439,-1471425494,"A_SPLIT",20,80,100,10,33,100
443,-1470766472,"A_SPLIT",20,80,100,15,33,150
447,-1470730058,"A_SPLIT",20,80,100,20,33,200
451,-1470712356,"A_RUSH",20,80,100,0,33,100
455,-1470686877,"A_RUSH",20,80,100,5,33,150
459,-1470661949,"A_RUSH",20,80,100,10,33,200
463,-1470635994,"A_RUSH",20,80,100,20,33,100
467,-1470611067,"A_RUSH",20,80,100,25,33,150
471,-1470585936,"B_SPLIT",20,80,100,0,33,200
475,-1470558568,"B_SPLIT",20,80,100,10,33,100
479,-1470532426,"B_SPLIT",20,80,100,15,33,150
483,-1470509302,"B_SPLIT",20,80,100,20,33,200
487,-1470488180,"B_RUSH",20,80,100,0,33,100
491,-1470462450,"B_RUSH",20,80,100,5,33,150
495,-1470436117,"B_RUSH",20,80,100,10,33,200
499,-1470409974,"B_RUSH",20,80,100,20,33,100
503,-1470384443,"B_RUSH",20,80,100,25,33,150
507,-1470357901,"A_SPLIT",20,80,100,0,33,200
511,-1470326341,"A_SPLIT",20,80,100,10,33,100
515,-1470288753,"A_SPLIT",20,80,100,15,33,150
519,-1470254427,"A_SPLIT",20,80,100,20,33,200
523,-1470223280,"A_RUSH",20,80,100,0,33,100
527,-1470198348,"A_RUSH",20,80,100,5,33,150
531,-1470173790,"A_RUSH",20,80,100,10,33,200
535,-1470148859,"A_RUSH",20,80,100,20,33,100
539,-1470123721,"A_RUSH",20,80,100,25,33,150
543,-1470099188,"B_SPLIT",20,80,100,0,33,200
547,-1470071839,"B_SPLIT",20,80,100,10,33,100
551,-1470045908,"B_SPLIT",20,80,100,15,33,150
555,-1470018954,"B_SPLIT",20,80,100,20,33,200
559,-1469992408,"B_RUSH",20,80,100,0,33,100
563,-1469966270,"B_RUSH",20,80,100,5,33,150
567,-1469939937,"B_RUSH",20,80,100,10,33,200
571,-1469913792,"B_RUSH",20,80,100,20,33,100
575,-1469888009,"B_RUSH",20,80,100,25,33,150
579,-1469862076,"A_SPLIT",20,80,100,0,33,200
583,-1469843761,"A_SPLIT",20,80,100,10,33,100
587,-1469817804,"A_SPLIT",20,80,100,15,33,150
591,-1469799867,"A_SPLIT",20,80,100,20,33,200
595,-1469786795,"A_RUSH",20,80,100,0,33,100
599,-1469761626,"A_RUSH",20,80,100,5,33,150
603,-1469736275,"A_RUSH",20,80,100,10,33,200
607,-1469705324,"A_RUSH",20,80,100,20,33,100
611,-1469680793,"A_RUSH",20,80,100,25,33,150
615,-1469655637,"B_SPLIT",20,80,100,0,33,200
619,-1469622466,"B_SPLIT",20,80,100,10,33,100
623,-1469595894,"B_SPLIT",20,80,100,15,33,150
627,-1469568705,"B_SPLIT",20,80,100,20,33,200
631,-1469541532,"B_RUSH",20,80,100,0,33,100
635,-1469515372,"B_RUSH",20,80,100,5,33,150
639,-1469487382,"B_RUSH",20,80,100,10,33,200
643,-1469460823,"B_RUSH",20,80,100,20,33,100
647,-1469434479,"B_RUSH",20,80,100,25,33,150
651,-1469407526,"A_SPLIT",20,80,100,0,33,200
655,-1469389015,"A_SPLIT",20,80,100,10,33,100
659,-1469354830,"A_SPLIT",20,80,100,15,33,150
663,-1469336322,"A_SPLIT",20,80,100,20,33,200
667,-1469305154,"A_RUSH",20,80,100,0,33,100
671,-1469280016,"A_RUSH",20,80,100,5,33,150
675,-1469234005,"A_RUSH",20,80,100,10,33,200
679,-1469208670,"A_RUSH",20,80,100,20,33,100
683,-1469182976,"A_RUSH",20,80,100,25,33,150
687,-1469152435,"B_SPLIT",20,80,100,0,33,200
691,-1469124660,"B_SPLIT",20,80,100,10,33,100
695,-1469097846,"B_SPLIT",20,80,100,15,33,150
699,-1469065070,"B_SPLIT",20,80,100,20,33,200
703,-1469038472,"B_RUSH",20,80,100,0,33,100
707,-1469012719,"B_RUSH",20,80,100,5,33,150
711,-1468986128,"B_RUSH",20,80,100,10,33,200
715,-1468954680,"B_RUSH",20,80,100,20,33,100
719,-1468928333,"B_RUSH",20,80,100,25,33,150
2,-1474285326,"A_SPLIT",20,80,100,0,33,150
6,-1474257601,"A_SPLIT",20,80,100,5,33,200
10,-1474241510,"A_SPLIT",20,80,100,15,33,100
14,-1474215568,"A_SPLIT",20,80,100,20,33,150
18,-1474187050,"A_SPLIT",20,80,100,25,33,200
22,-1474171768,"A_RUSH",20,80,100,5,33,100
26,-1474147237,"A_RUSH",20,80,100,10,33,150
30,-1474122095,"A_RUSH",20,80,100,15,33,200
34,-1474096758,"A_RUSH",20,80,100,25,33,100
38,-1474071629,"B_SPLIT",20,80,100,0,33,150
42,-1474035800,"B_SPLIT",20,80,100,5,33,200
46,-1474007834,"B_SPLIT",20,80,100,15,33,100
50,-1473981096,"B_SPLIT",20,80,100,20,33,150
54,-1473952745,"B_SPLIT",20,80,100,25,33,200
58,-1473921429,"B_RUSH",20,80,100,5,33,100
62,-1473894870,"B_RUSH",20,80,100,10,33,150
66,-1473868118,"B_RUSH",20,80,100,15,33,200
70,-1473841982,"B_RUSH",20,80,100,25,33,100
74,-1473815647,"A_SPLIT",20,80,100,0,33,150
78,-1473782291,"A_SPLIT",20,80,100,5,33,200
82,-1473763585,"A_SPLIT",20,80,100,15,33,100
86,-1473738237,"A_SPLIT",20,80,100,20,33,150
90,-1473707133,"A_SPLIT",20,80,100,25,33,200
94,-1473677986,"A_RUSH",20,80,100,5,33,100
98,-1473652657,"A_RUSH",20,80,100,10,33,150
102,-1473627323,"A_RUSH",20,80,100,15,33,200
106,-1473601986,"A_RUSH",20,80,100,25,33,100
110,-1473576840,"B_SPLIT",20,80,100,0,33,150
114,-1473550294,"B_SPLIT",20,80,100,5,33,200
118,-1473519922,"B_SPLIT",20,80,100,15,33,100
122,-1473493587,"B_SPLIT",20,80,100,20,33,150
126,-1473459949,"B_SPLIT",20,80,100,25,33,200
130,-1473445865,"B_RUSH",20,80,100,5,33,100
134,-1473420130,"B_RUSH",20,80,100,10,33,150
138,-1473393584,"B_RUSH",20,80,100,15,33,200
142,-1473362370,"B_RUSH",20,80,100,25,33,100
146,-1473336434,"A_SPLIT",20,80,100,0,33,150
150,-1473310485,"A_SPLIT",20,80,100,5,33,200
154,-1473277660,"A_SPLIT",20,80,100,15,33,100
158,-1473252533,"A_SPLIT",20,80,100,20,33,150
162,-1473226198,"A_SPLIT",20,80,100,25,33,200
166,-1473193178,"A_RUSH",20,80,100,5,33,100
170,-1473168234,"A_RUSH",20,80,100,10,33,150
174,-1473142885,"A_RUSH",20,80,100,15,33,200
178,-1473107926,"A_RUSH",20,80,100,25,33,100
182,-1473083201,"B_SPLIT",20,80,100,0,33,150
186,-1473056046,"B_SPLIT",20,80,100,5,33,200
190,-1473023434,"B_SPLIT",20,80,100,15,33,100
194,-1472994473,"B_SPLIT",20,80,100,20,33,150
198,-1472964914,"B_SPLIT",20,80,100,25,33,200
202,-1472938164,"B_RUSH",20,80,100,5,33,100
206,-1472912209,"B_RUSH",20,80,100,10,33,150
210,-1472885676,"B_RUSH",20,80,100,15,33,200
214,-1472858497,"B_RUSH",20,80,100,25,33,100
218,-1472832158,"A_SPLIT",20,80,100,0,33,150
222,-1472813245,"A_SPLIT",20,80,100,5,33,200
226,-1472794945,"A_SPLIT",20,80,100,15,33,100
230,-1472763543,"A_SPLIT",20,80,100,20,33,150
234,-1472732348,"A_SPLIT",20,80,100,25,33,200
238,-1472716464,"A_RUSH",20,80,100,5,33,100
242,-1472690781,"A_RUSH",20,80,100,10,33,150
246,-1472665450,"A_RUSH",20,80,100,15,33,200
250,-1472640322,"A_RUSH",20,80,100,25,33,100
254,-1472615190,"B_SPLIT",20,80,100,0,33,150
258,-1472587840,"B_SPLIT",20,80,100,5,33,200
262,-1472560497,"B_SPLIT",20,80,100,15,33,100
266,-1472533949,"B_SPLIT",20,80,100,20,33,150
270,-1472506987,"B_SPLIT",20,80,100,25,33,200
274,-1472487475,"B_RUSH",20,80,100,5,33,100
278,-1472461139,"B_RUSH",20,80,100,10,33,150
282,-1472434806,"B_RUSH",20,80,100,15,33,200
286,-1472408268,"B_RUSH",20,80,100,25,33,100
290,-1472382336,"A_SPLIT",20,80,100,0,33,150
294,-1472360615,"A_SPLIT",20,80,100,5,33,200
298,-1472325651,"A_SPLIT",20,80,100,15,33,100
302,-1472306723,"A_SPLIT",20,80,100,20,33,150
306,-1472277962,"A_SPLIT",20,80,100,25,33,200
310,-1472258640,"A_RUSH",20,80,100,5,33,100
314,-1472233903,"A_RUSH",20,80,100,10,33,150
318,-1472208972,"A_RUSH",20,80,100,15,33,200
322,-1472174845,"A_RUSH",20,80,100,25,33,100
326,-1472150302,"B_SPLIT",20,80,100,0,33,150
330,-1472122961,"B_SPLIT",20,80,100,5,33,200
334,-1472103042,"B_SPLIT",20,80,100,15,33,100
338,-1472079709,"B_SPLIT",20,80,100,20,33,150
342,-1472052741,"B_SPLIT",20,80,100,25,33,200
346,-1472014991,"B_RUSH",20,80,100,5,33,100
350,-1471989032,"B_RUSH",20,80,100,10,33,150
354,-1471963096,"B_RUSH",20,80,100,15,33,200
358,-1471936737,"B_RUSH",20,80,100,25,33,100
362,-1471910395,"A_SPLIT",20,80,100,0,33,150
366,-1471876947,"A_SPLIT",20,80,100,5,33,200
370,-1471861045,"A_SPLIT",20,80,100,15,33,100
374,-1471832087,"A_SPLIT",20,80,100,20,33,150
378,-1471816801,"A_SPLIT",20,80,100,25,33,200
382,-1471798286,"A_RUSH",20,80,100,5,33,100
386,-1471773756,"A_RUSH",20,80,100,10,33,150
390,-1471747805,"A_RUSH",20,80,100,15,33,200
394,-1471722478,"A_RUSH",20,80,100,25,33,100
398,-1471696748,"B_SPLIT",20,80,100,0,33,150
402,-1471669607,"B_SPLIT",20,80,100,5,33,200
406,-1471642256,"B_SPLIT",20,80,100,15,33,100
410,-1471614699,"B_SPLIT",20,80,100,20,33,150
414,-1471601215,"B_SPLIT",20,80,100,25,33,200
418,-1471587122,"B_RUSH",20,80,100,5,33,100
422,-1471561181,"B_RUSH",20,80,100,10,33,150
426,-1471534839,"B_RUSH",20,80,100,15,33,200
430,-1471508493,"B_RUSH",20,80,100,25,33,100
434,-1471482350,"A_SPLIT",20,80,100,0,33,150
438,-1471450231,"A_SPLIT",20,80,100,5,33,200
442,-1471419046,"A_SPLIT",20,80,100,15,33,100
446,-1470755133,"A_SPLIT",20,80,100,20,33,150
450,-1470718071,"A_SPLIT",20,80,100,25,33,200
454,-1470699541,"A_RUSH",20,80,100,5,33,100
458,-1470674816,"A_RUSH",20,80,100,10,33,150
462,-1470650074,"A_RUSH",20,80,100,15,33,200
466,-1470624938,"A_RUSH",20,80,100,25,33,100
470,-1470600206,"B_SPLIT",20,80,100,0,33,150
474,-1470574486,"B_SPLIT",20,80,100,5,33,200
478,-1470544332,"B_SPLIT",20,80,100,15,33,100
482,-1470517395,"B_SPLIT",20,80,100,20,33,150
486,-1470503714,"B_SPLIT",20,80,100,25,33,200
490,-1470480181,"B_RUSH",20,80,100,5,33,100
494,-1470454431,"B_RUSH",20,80,100,10,33,150
498,-1470428482,"B_RUSH",20,80,100,15,33,200
502,-1470402342,"B_RUSH",20,80,100,25,33,100
506,-1470375988,"A_SPLIT",20,80,100,0,33,150
510,-1470349251,"A_SPLIT",20,80,100,5,33,200
514,-1470315057,"A_SPLIT",20,80,100,15,33,100
518,-1470273700,"A_SPLIT",20,80,100,20,33,150
522,-1470237252,"A_SPLIT",20,80,100,25,33,200
526,-1470218946,"A_RUSH",20,80,100,5,33,100
530,-1470194015,"A_RUSH",20,80,100,10,33,150
534,-1470169067,"A_RUSH",20,80,100,15,33,200
538,-1470143125,"A_RUSH",20,80,100,25,33,100
542,-1470118596,"B_SPLIT",20,80,100,0,33,150
546,-1470091654,"B_SPLIT",20,80,100,5,33,200
550,-1470064313,"B_SPLIT",20,80,100,15,33,100
554,-1470037974,"B_SPLIT",20,80,100,20,33,150
558,-1470011230,"B_SPLIT",20,80,100,25,33,200
562,-1469965490,"B_RUSH",20,80,100,5,33,100
566,-1469939552,"B_RUSH",20,80,100,10,33,150
570,-1469913172,"B_RUSH",20,80,100,15,33,200
574,-1469886438,"B_RUSH",20,80,100,25,33,100
578,-1469860504,"A_SPLIT",20,80,100,0,33,150
582,-1469839566,"A_SPLIT",20,80,100,5,33,200
586,-1469820451,"A_SPLIT",20,80,100,15,33,100
590,-1469795098,"A_SPLIT",20,80,100,20,33,150
594,-1469776791,"A_SPLIT",20,80,100,25,33,200
598,-1469761084,"A_RUSH",20,80,100,5,33,100
602,-1469736152,"A_RUSH",20,80,100,10,33,150
606,-1469711013,"A_RUSH",20,80,100,15,33,200
610,-1469690274,"A_RUSH",20,80,100,25,33,100
614,-1469665095,"B_SPLIT",20,80,100,0,33,150
618,-1469638141,"B_SPLIT",20,80,100,5,33,200
622,-1469605550,"B_SPLIT",20,80,100,15,33,100
626,-1469579360,"B_SPLIT",20,80,100,20,33,150
630,-1469552794,"B_SPLIT",20,80,100,25,33,200
634,-1469525620,"B_RUSH",20,80,100,5,33,100
638,-1469499470,"B_RUSH",20,80,100,10,33,150
642,-1469472919,"B_RUSH",20,80,100,15,33,200
646,-1469446560,"B_RUSH",20,80,100,25,33,100
650,-1469420389,"A_SPLIT",20,80,100,0,33,150
654,-1469378105,"A_SPLIT",20,80,100,5,33,200
658,-1469338238,"A_SPLIT",20,80,100,15,33,100
662,-1469319936,"A_SPLIT",20,80,100,20,33,150
666,-1469301385,"A_SPLIT",20,80,100,25,33,200
670,-1469264044,"A_RUSH",20,80,100,5,33,100
674,-1469239084,"A_RUSH",20,80,100,10,33,150
678,-1469194565,"A_RUSH",20,80,100,15,33,200
682,-1469169579,"A_RUSH",20,80,100,25,33,100
686,-1469145211,"B_SPLIT",20,80,100,0,33,150
690,-1469118457,"B_SPLIT",20,80,100,5,33,200
694,-1469091092,"B_SPLIT",20,80,100,15,33,100
698,-1469064214,"B_SPLIT",20,80,100,20,33,150
702,-1469037219,"B_SPLIT",20,80,100,25,33,200
706,-1469009657,"B_RUSH",20,80,100,5,33,100
710,-1468983301,"B_RUSH",20,80,100,10,33,150
714,-1468932867,"B_RUSH",20,80,100,15,33,200
718,-1468906520,"B_RUSH",20,80,100,25,33,100
1,-1474285703,"A_SPLIT",20,80,100,0,33,100
5,-1474253889,"A_SPLIT",20,80,100,5,33,150
9,-1474225093,"A_SPLIT",20,80,100,10,33,200
13,-1474196554,"A_SPLIT",20,80,100,20,33,100
17,-1474174832,"A_SPLIT",20,80,100,25,33,150
21,-1474152317,"A_RUSH",20,80,100,0,33,200
25,-1474126367,"A_RUSH",20,80,100,10,33,100
29,-1474101425,"A_RUSH",20,80,100,15,33,150
33,-1474076490,"A_RUSH",20,80,100,20,33,200
37,-1474050947,"B_SPLIT",20,80,100,0,33,100
41,-1474024196,"B_SPLIT",20,80,100,5,33,150
45,-1473996837,"B_SPLIT",20,80,100,10,33,200
49,-1473969496,"B_SPLIT",20,80,100,20,33,100
53,-1473939922,"B_SPLIT",20,80,100,25,33,150
57,-1473913159,"B_RUSH",20,80,100,0,33,200
61,-1473885399,"B_RUSH",20,80,100,10,33,100
65,-1473859459,"B_RUSH",20,80,100,15,33,150
69,-1473833118,"B_RUSH",20,80,100,20,33,200
73,-1473797205,"A_SPLIT",20,80,100,0,33,100
77,-1473774690,"A_SPLIT",20,80,100,5,33,150
81,-1473753174,"A_SPLIT",20,80,100,10,33,200
85,-1473726432,"A_SPLIT",20,80,100,20,33,100
89,-1473708110,"A_SPLIT",20,80,100,25,33,150
93,-1473676867,"A_RUSH",20,80,100,0,33,200
97,-1473651333,"A_RUSH",20,80,100,10,33,100
101,-1473627010,"A_RUSH",20,80,100,15,33,150
105,-1473601874,"A_RUSH",20,80,100,20,33,200
109,-1473576693,"B_SPLIT",20,80,100,0,33,100
113,-1473548731,"B_SPLIT",20,80,100,5,33,150
117,-1473520988,"B_SPLIT",20,80,100,10,33,200
121,-1473506901,"B_SPLIT",20,80,100,20,33,100
125,-1473481170,"B_SPLIT",20,80,100,25,33,150
129,-1473454624,"B_RUSH",20,80,100,0,33,200
133,-1473427658,"B_RUSH",20,80,100,10,33,100
137,-1473401923,"B_RUSH",20,80,100,15,33,150
141,-1473366183,"B_RUSH",20,80,100,20,33,200
145,-1473341102,"A_SPLIT",20,80,100,0,33,100
149,-1473312550,"A_SPLIT",20,80,100,5,33,150
153,-1473281459,"A_SPLIT",20,80,100,10,33,200
157,-1473250560,"A_SPLIT",20,80,100,20,33,100
161,-1473235076,"A_SPLIT",20,80,100,25,33,150
165,-1473214753,"A_RUSH",20,80,100,0,33,200
169,-1473189413,"A_RUSH",20,80,100,10,33,100
173,-1473165091,"A_RUSH",20,80,100,15,33,150
177,-1473139549,"A_RUSH",20,80,100,20,33,200
181,-1473109206,"B_SPLIT",20,80,100,0,33,100
185,-1473082469,"B_SPLIT",20,80,100,5,33,150
189,-1473045505,"B_SPLIT",20,80,100,10,33,200
193,-1473014916,"B_SPLIT",20,80,100,20,33,100
197,-1472991596,"B_SPLIT",20,80,100,25,33,150
201,-1472964859,"B_RUSH",20,80,100,0,33,200
205,-1472937511,"B_RUSH",20,80,100,10,33,100
209,-1472911171,"B_RUSH",20,80,100,15,33,150
213,-1472884791,"B_RUSH",20,80,100,20,33,200
217,-1472848006,"A_SPLIT",20,80,100,0,33,100
221,-1472822072,"A_SPLIT",20,80,100,5,33,150
225,-1472793082,"A_SPLIT",20,80,100,10,33,200
229,-1472774780,"A_SPLIT",20,80,100,20,33,100
233,-1472745014,"A_SPLIT",20,80,100,25,33,150
237,-1472715072,"A_RUSH",20,80,100,0,33,200
241,-1472689135,"A_RUSH",20,80,100,10,33,100
245,-1472654939,"A_RUSH",20,80,100,15,33,150
249,-1472629580,"A_RUSH",20,80,100,20,33,200
253,-1472604051,"B_SPLIT",20,80,100,0,33,100
257,-1472577287,"B_SPLIT",20,80,100,5,33,150
261,-1472550947,"B_SPLIT",20,80,100,10,33,200
265,-1472519734,"B_SPLIT",20,80,100,20,33,100
269,-1472493393,"B_SPLIT",20,80,100,25,33,150
273,-1472457746,"B_RUSH",20,80,100,0,33,200
277,-1472430603,"B_RUSH",20,80,100,10,33,100
281,-1472404027,"B_RUSH",20,80,100,15,33,150
285,-1472377679,"B_RUSH",20,80,100,20,33,200
289,-1472351130,"A_SPLIT",20,80,100,0,33,100
293,-1472325193,"A_SPLIT",20,80,100,5,33,150
297,-1472295572,"A_SPLIT",20,80,100,10,33,200
301,-1472273617,"A_SPLIT",20,80,100,20,33,100
305,-1472241205,"A_SPLIT",20,80,100,25,33,150
309,-1472208447,"A_RUSH",20,80,100,0,33,200
313,-1472182126,"A_RUSH",20,80,100,10,33,100
317,-1472157797,"A_RUSH",20,80,100,15,33,150
321,-1472132457,"A_RUSH",20,80,100,20,33,200
325,-1472106496,"B_SPLIT",20,80,100,0,33,100
329,-1472079553,"B_SPLIT",20,80,100,5,33,150
333,-1472046633,"B_SPLIT",20,80,100,10,33,200
337,-1472018894,"B_SPLIT",20,80,100,20,33,100
341,-1471991136,"B_SPLIT",20,80,100,25,33,150
345,-1471964392,"B_RUSH",20,80,100,0,33,200
349,-1471937649,"B_RUSH",20,80,100,10,33,100
353,-1471911914,"B_RUSH",20,80,100,15,33,150
357,-1471885570,"B_RUSH",20,80,100,20,33,200
361,-1471854517,"A_SPLIT",20,80,100,0,33,100
365,-1471828582,"A_SPLIT",20,80,100,5,33,150
369,-1471798302,"A_SPLIT",20,80,100,10,33,200
373,-1471779796,"A_SPLIT",20,80,100,20,33,100
377,-1471757081,"A_SPLIT",20,80,100,25,33,150
381,-1471725722,"A_RUSH",20,80,100,0,33,200
385,-1471699784,"A_RUSH",20,80,100,10,33,100
389,-1471675439,"A_RUSH",20,80,100,15,33,150
393,-1471651112,"A_RUSH",20,80,100,20,33,200
397,-1471625583,"B_SPLIT",20,80,100,0,33,100
401,-1471599029,"B_SPLIT",20,80,100,5,33,150
405,-1471571692,"B_SPLIT",20,80,100,10,33,200
409,-1471544337,"B_SPLIT",20,80,100,20,33,100
413,-1471517961,"B_SPLIT",20,80,100,25,33,150
417,-1471491627,"B_RUSH",20,80,100,0,33,200
421,-1471464880,"B_RUSH",20,80,100,10,33,100
425,-1471438913,"B_RUSH",20,80,100,15,33,150
429,-1471412777,"B_RUSH",20,80,100,20,33,200
433,-1470757652,"A_SPLIT",20,80,100,0,33,100
437,-1470731901,"A_SPLIT",20,80,100,5,33,150
441,-1470705533,"A_SPLIT",20,80,100,10,33,200
445,-1470674398,"A_SPLIT",20,80,100,20,33,100
449,-1470648461,"A_SPLIT",20,80,100,25,33,150
453,-1470630356,"A_RUSH",20,80,100,0,33,200
457,-1470598200,"A_RUSH",20,80,100,10,33,100
461,-1470573670,"A_RUSH",20,80,100,15,33,150
465,-1470548134,"A_RUSH",20,80,100,20,33,200
469,-1470522805,"B_SPLIT",20,80,100,0,33,100
473,-1470496055,"B_SPLIT",20,80,100,5,33,150
477,-1470469708,"B_SPLIT",20,80,100,10,33,200
481,-1470442567,"B_SPLIT",20,80,100,20,33,100
485,-1470401055,"B_SPLIT",20,80,100,25,33,150
489,-1470373918,"B_RUSH",20,80,100,0,33,200
493,-1470347575,"B_RUSH",20,80,100,10,33,100
497,-1470321630,"B_RUSH",20,80,100,15,33,150
501,-1470295486,"B_RUSH",20,80,100,20,33,200
505,-1470269121,"A_SPLIT",20,80,100,0,33,100
509,-1470243788,"A_SPLIT",20,80,100,5,33,150
513,-1470207617,"A_SPLIT",20,80,100,10,33,200
517,-1470189316,"A_SPLIT",20,80,100,20,33,100
521,-1470153175,"A_SPLIT",20,80,100,25,33,150
525,-1470115718,"A_RUSH",20,80,100,0,33,200
529,-1470089773,"A_RUSH",20,80,100,10,33,100
533,-1470065031,"A_RUSH",20,80,100,15,33,150
537,-1470040097,"A_RUSH",20,80,100,20,33,200
541,-1470015160,"B_SPLIT",20,80,100,0,33,100
545,-1469987567,"B_SPLIT",20,80,100,5,33,150
549,-1469961028,"B_SPLIT",20,80,100,10,33,200
553,-1469933882,"B_SPLIT",20,80,100,20,33,100
557,-1469907347,"B_SPLIT",20,80,100,25,33,150
561,-1469880611,"B_RUSH",20,80,100,0,33,200
565,-1469853676,"B_RUSH",20,80,100,10,33,100
569,-1469827733,"B_RUSH",20,80,100,15,33,150
573,-1469801372,"B_RUSH",20,80,100,20,33,200
577,-1469770417,"A_SPLIT",20,80,100,0,33,100
581,-1469729961,"A_SPLIT",20,80,100,5,33,150
585,-1469708428,"A_SPLIT",20,80,100,10,33,200
589,-1469667975,"A_SPLIT",20,80,100,20,33,100
593,-1469623220,"A_SPLIT",20,80,100,25,33,150
597,-1469607884,"A_RUSH",20,80,100,0,33,200
601,-1469582736,"A_RUSH",20,80,100,10,33,100
605,-1469557995,"A_RUSH",20,80,100,15,33,150
609,-1469532630,"A_RUSH",20,80,100,20,33,200
613,-1469507450,"B_SPLIT",20,80,100,0,33,100
617,-1469481472,"B_SPLIT",20,80,100,5,33,150
621,-1469454537,"B_SPLIT",20,80,100,10,33,200
625,-1469408430,"B_SPLIT",20,80,100,20,33,100
629,-1469381861,"B_SPLIT",20,80,100,25,33,150
633,-1469354701,"B_RUSH",20,80,100,0,33,200
637,-1469328126,"B_RUSH",20,80,100,10,33,100
641,-1469301944,"B_RUSH",20,80,100,15,33,150
645,-1469275813,"B_RUSH",20,80,100,20,33,200
649,-1469249059,"A_SPLIT",20,80,100,0,33,100
653,-1469230351,"A_SPLIT",20,80,100,5,33,150
657,-1469192058,"A_SPLIT",20,80,100,10,33,200
661,-1469160518,"A_SPLIT",20,80,100,20,33,100
665,-1469114938,"A_SPLIT",20,80,100,25,33,150
669,-1469086013,"A_RUSH",20,80,100,0,33,200
673,-1469059629,"A_RUSH",20,80,100,10,33,100
677,-1469035033,"A_RUSH",20,80,100,15,33,150
681,-1469006217,"A_RUSH",20,80,100,20,33,200
685,-1468981079,"B_SPLIT",20,80,100,0,33,100
689,-1468954724,"B_SPLIT",20,80,100,5,33,150
693,-1468926963,"B_SPLIT",20,80,100,10,33,200
697,-1468899823,"B_SPLIT",20,80,100,20,33,100
701,-1468873281,"B_SPLIT",20,80,100,25,33,150
705,-1468850760,"B_RUSH",20,80,100,0,33,200
709,-1468823622,"B_RUSH",20,80,100,10,33,100
713,-1468788125,"B_RUSH",20,80,100,15,33,150
717,-1468761587,"B_RUSH",20,80,100,20,33,200
